TICK: 1
000000000000100000000000000000000000100110000000010000000000000000000000000
000000000000000000000000000000000000000000000000000000000000000000000000000
000000000010000000000000000000010010000100000002000000000000000000000000000
000000000000000000000000001010000000000000000000000000000000000000000001000
000000000000000000000000000000100000000000000100000000000000000000000000000
000000000000000000100000000000000100000000000000000000000000000000000000000
000000000000000000000000000000010000000000002000000000000000000010000000000
000000001000000000000000000000000000000010000100000020000000000000000000000
000000000000000000000000000000001000000001000000000000000010000000000000200
000000000000000000000000000000000010000200000000200000000000000000000000000
100000020000000000000000000000000000000000000000000000000000002001001000000
000000000001000000000000000000000000000000000100000000000000000000000000000
000000010000000000000000002000000000010000000000002000000000000000000000000
000000000000000000000100000000000010000000000000000000000000000000000000000
000000000000000000000000000001000000000000000010000000000000000000001000000
100100000000000000000000000000000000000000000000000000000010000100000000000
000000000000000000000000000200000000000000000000000000000000000000000000000
000100000000000000000000000000000000000000010000010010000000010000010000000
100000000000100000000000000000000000100000000000000000000000000000010000000
000000000000012000000000000000000010000000000000000000000000000000000000000
000000000000000000100200000000000000000110000000000000000000000020000000000
000000000000100000000000000000000000000000000020000100000000000000000000000
000000000000000100000000000000000000000000000000000001000000000000000000001
000200001000100000000000000100000000000000000000000000100000000000000001000
000000000000000000000000000000001000000000000000000000000000000000002000000
000000000000000000000000000000000000000000000000001000000200000010000000000
000000000002000000000000000000010100000000000000000200000000000000000000000
000000000000000000000000000000000000000000100000000000000000100000000000000
000000000000000200000001000000000000000000000000000000000000210000200010000
000000000020002000000000100000000000010000000000000000000100000000000000020
000000000000000000001000000000001110000000000000000000000000000000000000000
000000000000000000000000000010000000000000002000011000000000000000000000000
001000000000000000000000000000002000000000000000100000000000000000200000100
000000000000000000000000000000000000000002000000000000000000000000000000000
000000000000000000000000000000000000000000000000000000000000000000000000010
000010000000000000000010000000001000100000010000100000000000000000000000100
000000000001000000000000000000001000000000000000000000000000000000000000000
000000000000000000100000000000010000100000000000000000000000000000000000001
001000000000000000000000000000020000000000000000000000020000010000000000000
000100000000000000000000000000000020000000000000000000000000000000000000000
000000000000000002000000000000000000000000000000020000000000000000000000000
000000000000000010000000000000000000000000000000000000000000000000000000000
000000000000000000000000000000000000000000110000000000000000000000000000000
000010000000000000000000100000000000000000010000000002000000000000000000000
000000000000000000000000000000000000000000000000000000000000000000000000000
000000000000000000000000000000000000000000000000000000000000000000000000000
000000000000000000000000000000000002000000000000000000000000000000000000000
000000100000000000020001000000000000000000000000000000000000000000000000000
000000001100000000000000000000100000000000000000000000000000000000002000002
000001000000000000000000000000000000000000000100000000000000100000000000000
